100
3 1 5 15 13 11
3 0 8 23 22 21
3 0 6 15 12 14
2 0 6 15 14
3 0 0 12 5 27
2 0 4 30 9
3 0 1 0 0 0
1 0 1 1
1 0 2 2
2 0 8 21 19
2 0 2 18 11
3 0 6 15 14 9
1 1 6 19
2 0 8 15 7
3 1 8 15 28 2
2 1 8 20 20
2 0 3 22 5
2 1 9 0 22
2 0 6 23 11
2 0 10 30 30
1 0 10 26
2 2 10 13 9
3 0 1 4 14 3
2 2 0 3 11
3 0 6 28 27 2
1 0 10 10
3 0 4 9 9 14
3 3 9 3 12 19
2 1 6 14 13
3 0 3 23 4 5
1 0 7 0
2 2 0 14 28
3 1 2 2 3 26
2 2 8 6 27
3 2 2 2 2 3
2 0 5 12 19
3 0 9 19 24 24
1 0 2 2
2 2 1 15 25
1 0 3 15
2 2 4 13 26
3 0 0 1 14 12
2 0 1 30 0
2 0 1 6 10
1 0 2 2
3 0 5 30 5 11
3 1 8 21 0 26
3 0 8 20 8 21
1 0 6 26
1 0 7 1
2 0 4 13 8
2 1 2 13 24
3 1 4 0 27 0
3 3 10 20 10 19
1 0 3 23
2 0 3 23 26
3 0 1 12 11 24
1 1 5 25
2 2 5 18 6
2 0 3 23 8
3 1 10 5 5 15
3 1 2 25 10 4
3 0 3 26 6 21
1 0 2 8
2 0 3 6 2
2 0 6 18 1
3 0 9 24 24 23
2 0 6 8 5
2 1 1 0 18
3 0 4 11 25 3
3 0 10 25 26 11
2 1 5 12 11
1 0 10 22
2 1 1 13 20
1 0 2 3
3 0 8 20 21 28
3 0 7 3 1 18
2 2 9 12 22
2 0 6 14 14
2 0 0 30 30
1 0 5 12
3 1 7 5 17 18
2 1 10 27 26
3 0 8 19 12 8
2 2 4 25 13
1 0 7 17
2 0 3 17 29
2 0 6 2 30
3 1 5 23 11 12
1 0 7 28
3 0 3 9 6 24
3 0 4 29 25 26
1 0 2 2
3 0 1 19 18 9
2 0 2 2 16
2 0 0 0 0
3 1 7 15 17 17
3 3 2 9 15 27
1 1 8 7
1 0 7 14
